	CD4_naive	CD8_naive	Cytotoxic	Exhausted	Tr1	nTreg	iTreg	Th1	Th2	Th17	Tfh	Central_memory	Effector_memory	NKT	MAIT	DC	Bcell	Monocyte	Macrophage	NK	Neutrophil	Gamma_delta	CD4_T	CD8_T	InfiltrationScore
Pt1_Pre_AD101148.6	0.077	0.161	0.381	0.464	0.365	0.345	0.211	0.229	0.218	0.165	0.474	0.116	0.063	0.162	0.344	0.161	0.075	0.127	0.12	0.277	0.138	0.261	0.189	0.202	0.574
Pt1_On_AD174047.6	0.022	0.16	0.188	0.348	0.29	0.276	0.15	0.296	0.204	0.095	0.38	0.122	0.141	0.186	0.414	0.141	0.094	0.122	0.154	0.231	0.147	0.154	0.133	0.143	0.52
Pt10_Pre_E9047565.6	0.103	0.154	0.049	0.203	0.115	0.134	0.096	0.099	0.149	0.106	0.169	0.107	0.166	0.086	0.06	0.068	0.154	0.125	0.142	0.061	0.107	0.043	0.049	0.073	0.347
Pt10_On_E9047632.6	0.13	0.232	0.279	0.242	0.195	0.215	0.115	0.126	0.128	0.14	0.262	0.098	0.102	0.139	0.157	0.147	0.099	0.211	0.173	0.251	0.178	0.11	0.1	0.104	0.563
Pt101_Pre_AD486328.5	0.159	0.137	0.465	0.517	0.515	0.375	0.319	0.057	0.155	0.104	0.511	0.168	0.031	0.056	0.206	0.138	0.225	0.012	0.061	0.312	0.111	0.21	0.355	0.249	0.653
Pt101_On_AD681975.5	0.171	0.163	0.397	0.517	0.531	0.378	0.335	0.075	0.145	0.137	0.509	0.184	0.038	0.076	0.221	0.126	0.173	0.014	0.029	0.322	0.058	0.211	0.361	0.254	0.596
Pt103_Pre_AE134058.2	0.049	0.212	0.421	0.461	0.322	0.319	0.186	0.181	0.275	0.095	0.417	0.043	0	0.168	0.283	0.188	0.162	0.168	0.174	0.316	0	0.303	0.265	0.257	0.682
Pt103_On_AE134059.6	0.044	0.231	0.154	0.325	0.263	0.193	0.15	0.145	0.341	0.247	0.321	0.043	0.099	0.129	0.043	0.149	0.11	0.108	0.12	0.237	0.114	0.055	0.12	0.106	0.474
Pt105_On_AE373241.6	0.078	0.113	0.408	0.537	0.404	0.357	0.254	0.197	0.231	0.013	0.468	0.126	0.067	0.18	0.219	0.148	0.019	0.128	0.107	0.283	0.127	0.268	0.145	0.247	0.538
Pt106_Pre_AD502250.5	0.074	0.247	0.327	0.458	0.271	0.32	0.17	0.187	0.285	0.104	0.241	0.093	0.118	0.139	0.189	0.097	0.034	0.169	0.114	0.241	0.076	0.211	0.154	0.15	0.462
Pt106_On_AD513626.6	0.04	0.201	0.372	0.442	0.25	0.287	0.136	0.219	0.28	0.088	0.193	0.042	0.122	0.081	0.082	0.085	0.032	0.166	0.145	0.217	0.084	0.254	0.086	0.192	0.449
Pt108_On_AE373243.6	0.042	0.11	0.363	0.331	0.331	0.27	0.15	0.122	0.113	0.345	0.224	0.026	0.092	0.167	0.239	0.181	0.144	0.199	0.125	0.304	0.252	0.136	0.126	0.2	0.683
Pt109_On_AE527955.5	0.043	0.146	0.237	0.519	0.323	0.329	0.215	0.176	0.244	0.105	0.308	0.098	0.123	0.038	0.204	0.178	0.066	0.022	0.15	0.19	0.095	0.144	0.112	0.186	0.446
Pt109_On_AE527955.6	0.056	0.18	0.199	0.468	0.304	0.277	0.203	0.205	0.246	0.12	0.279	0.095	0.14	0.03	0.177	0.177	0.074	0	0.145	0.216	0.09	0.119	0.097	0.188	0.44
Pt11_Pre_AD153352.6	0.031	0.243	0.39	0.472	0.427	0.295	0.245	0.19	0.361	0.195	0.313	0.05	0.073	0.056	0.267	0.174	0.095	0.124	0.161	0.299	0.137	0.188	0.16	0.172	0.59
Pt11_On_AD314068.6	0.03	0.257	0.404	0.479	0.462	0.312	0.269	0.206	0.361	0.127	0.358	0.061	0.059	0.041	0.251	0.165	0.023	0.15	0.137	0.289	0.151	0.209	0.209	0.154	0.571
Pt13_On_AD314067.6	0.072	0.21	0.343	0.547	0.408	0.348	0.262	0.226	0.161	0.066	0.482	0.088	0.063	0.217	0.193	0.19	0.078	0.131	0.086	0.282	0.131	0.236	0.206	0.223	0.592
Pt16_On_AD167378.6	0.014	0.112	0.012	0.216	0.107	0.116	0.078	0.142	0.015	0.121	0.1	0.062	0.138	0.138	0.005	0.1	0.137	0.057	0.176	0.092	0.148	0.011	0.009	0.088	0.36
Pt17_Pre_E9047563.6	0	0.074	0.024	0.165	0.031	0.054	0.081	0.11	0.138	0.288	0.107	0.06	0.137	0.009	0.131	0.098	0.142	0.072	0.136	0.037	0.152	0.042	0.069	0.098	0.359
Pt17_On_E9261162.5	0	0.052	0.069	0.15	0.031	0.052	0.07	0.103	0.082	0.287	0.11	0.062	0.152	0	0.183	0.122	0.146	0.032	0.12	0.036	0.178	0.059	0.114	0.095	0.376
Pt18_Pre_E9024732.6	0.139	0.11	0.46	0.503	0.46	0.418	0.295	0.185	0.178	0.091	0.449	0.119	0.063	0.074	0.335	0.143	0.143	0.074	0.059	0.312	0.149	0.194	0.288	0.23	0.624
Pt18_On_E9261163.5	0.175	0.13	0.425	0.543	0.507	0.345	0.345	0.089	0.152	0.114	0.511	0.149	0.046	0.055	0.246	0.148	0.193	0.045	0.038	0.325	0.039	0.226	0.347	0.259	0.622
Pt2_Pre_AD101150.6	0.099	0.186	0.348	0.531	0.417	0.362	0.268	0.162	0.206	0.105	0.322	0.099	0.089	0.177	0.159	0.164	0.069	0.107	0.144	0.312	0.179	0.182	0.185	0.195	0.604
Pt2_On_AD174046.6	0.058	0.178	0.342	0.547	0.37	0.324	0.214	0.199	0.212	0.106	0.351	0.085	0.09	0.184	0.195	0.163	0.029	0.103	0.197	0.239	0.181	0.209	0.125	0.175	0.54
Pt23_Pre_AD313075.5	0.058	0.159	0.399	0.472	0.358	0.311	0.191	0.173	0.104	0.278	0.205	0.051	0.082	0.14	0.234	0.181	0.099	0.14	0.145	0.309	0.202	0.206	0.214	0.168	0.651
Pt23_On_AD486568.8	0.078	0.111	0.407	0.49	0.362	0.381	0.255	0.202	0.145	0.185	0.501	0.09	0.058	0.123	0.235	0.192	0.112	0.106	0.095	0.279	0.095	0.264	0.158	0.222	0.562
Pt24_Pre_AD436687.5	0.098	0.167	0.418	0.346	0.327	0.223	0.162	0.153	0.035	0.247	0.23	0.057	0.044	0.119	0.26	0.158	0.171	0.206	0.323	0.333	0.178	0.158	0.237	0.209	0.81
Pt26_Pre_AD467789.6	0.026	0.185	0.121	0.446	0.278	0.154	0.175	0.168	0.21	0.099	0.167	0.11	0.156	0	0.06	0.02	0.116	0.049	0.138	0.092	0.115	0.047	0.093	0.152	0.345
Pt26_On_AD467915.5	0	0.152	0.084	0.411	0.213	0.169	0.142	0.205	0.175	0.098	0.084	0.086	0.139	0.029	0.008	0.041	0.128	0.044	0.138	0.014	0.132	0.037	0.036	0.106	0.285
Pt27_Pre_AD453873.5	0.027	0.18	0.253	0.318	0.265	0.193	0.138	0.132	0.154	0.171	0.331	0.026	0.058	0.075	0.235	0.145	0.304	0.219	0.213	0.22	0.335	0.084	0.229	0.096	0.786
Pt27_On_AD467934.5	0.026	0.198	0.321	0.32	0.237	0.267	0.126	0.13	0.134	0.13	0.397	0.025	0.071	0.032	0.208	0.183	0.239	0.2	0.196	0.237	0.246	0.167	0.172	0.106	0.704
Pt28_Pre_AD297619.6	0.079	0.247	0.306	0.398	0.267	0.207	0.181	0.207	0.265	0.142	0.395	0.073	0.112	0.047	0.321	0.115	0.1	0.147	0.11	0.165	0.066	0.171	0.213	0.203	0.5
Pt28_On_AD167375.7	0.099	0.18	0.39	0.51	0.431	0.272	0.28	0.161	0.253	0.14	0.5	0.123	0.056	0.183	0.359	0.151	0.048	0.13	0.094	0.286	0.077	0.285	0.244	0.215	0.555
Pt29_Pre_AD497504.5	0.045	0.248	0.271	0.351	0.185	0.172	0.111	0.145	0.13	0.183	0.328	0.101	0.1	0.095	0.186	0.148	0.097	0.143	0.18	0.289	0.138	0.11	0.084	0.118	0.534
Pt3_Pre_E9024733.3	0.085	0.196	0.014	0.289	0.188	0.191	0.094	0.244	0.01	0.075	0.388	0.059	0.089	0.17	0.095	0.118	0.121	0.099	0.153	0.097	0.272	0.026	0.078	0	0.418
Pt3_On_E9047638.6	0.061	0.2	0.408	0.462	0.321	0.292	0.155	0.266	0.149	0.121	0.412	0.06	0.075	0.193	0.311	0.161	0.144	0.148	0.096	0.243	0.255	0.169	0.172	0.128	0.601
Pt30_Pre_AD497503.5	0.019	0.152	0.133	0.436	0.297	0.141	0.149	0.208	0.298	0.136	0.204	0.06	0.17	0.138	0.201	0.074	0.103	0.129	0.125	0.119	0.093	0.123	0.093	0.123	0.383
Pt30_On_AD505620.6	0.114	0.171	0.452	0.568	0.463	0.309	0.313	0.116	0.139	0.157	0.44	0.11	0	0.109	0.282	0.214	0.035	0.121	0.174	0.301	0.057	0.287	0.26	0.226	0.619
Pt31_Pre_AD453872.5	0.107	0.169	0.264	0.463	0.377	0.362	0.287	0.221	0.172	0.179	0.386	0.111	0.104	0.135	0.259	0.153	0.142	0.14	0.085	0.321	0.052	0.142	0.188	0.263	0.599
Pt31_On_AD467932.6	0.106	0.153	0.364	0.514	0.452	0.381	0.315	0.197	0.252	0.166	0.392	0.113	0.077	0.053	0.204	0.167	0.062	0.175	0.105	0.321	0.071	0.22	0.214	0.247	0.607
Pt32_On_E9414883.5	0	0	0.274	0	0.252	0.126	0	0	0	0.276	0.03	0	0	0.121	0	0.138	0.247	0.19	0.283	0.248	0.905	0.072	0	0.007	0.9
Pt34_Pre_AD466985.6	0.062	0.124	0.404	0.488	0.417	0.376	0.297	0.132	0.137	0.164	0.403	0.072	0.043	0.003	0.211	0.207	0.009	0.156	0.242	0.324	0.061	0.241	0.201	0.235	0.64
Pt34_On_AD485757.6	0.079	0.143	0.41	0.444	0.362	0.273	0.242	0.109	0.148	0.172	0.384	0.064	0.042	0.018	0.261	0.231	0.032	0.118	0.281	0.326	0.064	0.248	0.217	0.259	0.681
Pt35_On_AD485758.6	0.09	0.219	0.343	0.52	0.405	0.42	0.283	0.171	0.134	0.038	0.532	0.111	0.044	0.154	0.163	0.206	0.032	0.112	0.177	0.254	0.045	0.208	0.197	0.24	0.563
Pt36_Pre_AD467095.6	0	0.183	0.181	0.249	0.091	0.011	0.073	0	0.045	0.298	0	0	0.097	0.133	0	0.187	0.168	0.208	0.224	0.299	0.245	0.087	0.145	0.053	0.682
Pt36_On_AD495182.6	0.031	0.241	0.429	0.438	0.232	0.337	0.117	0.148	0.134	0.176	0.303	0.05	0.079	0.12	0.275	0.191	0.108	0.108	0.272	0.274	0.076	0.26	0.194	0.204	0.636
Pt37_Pre_AD502452.5	0.055	0.222	0.255	0.351	0.257	0.272	0.149	0.185	0.363	0.144	0.385	0.067	0.088	0.086	0.11	0.124	0.095	0.127	0.139	0.146	0.077	0.061	0.111	0.154	0.434
Pt37_On_AD495183.5	0	0.224	0.461	0.397	0.36	0.324	0.161	0.217	0.172	0.1	0.413	0.017	0.025	0	0.202	0.09	0.079	0.148	0.124	0.209	0.417	0.195	0.167	0.079	0.585
Pt38_Pre_E9200719.6	0	0.086	0.07	0.246	0.151	0.127	0.1	0.063	0.053	0.168	0.175	0.049	0.122	0.075	0	0.157	0.113	0.026	0.177	0.049	0.095	0.088	0.02	0.083	0.321
Pt38_On_E9414881.5	0	0.072	0.106	0.251	0.174	0.136	0.116	0.078	0.046	0.198	0.132	0.059	0.128	0.122	0.02	0.162	0.096	0.031	0.181	0.078	0.106	0.111	0.047	0.118	0.365
Pt39_Pre_AD485899.5	0.005	0.075	0.065	0.137	0.009	0.013	0.043	0.029	0.101	0.142	0.104	0.054	0.174	0.088	0.079	0.109	0.139	0.158	0.103	0.071	0.251	0.036	0	0.056	0.395
Pt4_Pre_E9021023.6	0.062	0.215	0.4	0.388	0.234	0.231	0.109	0.112	0.143	0.08	0.277	0.12	0.118	0.147	0.171	0.054	0.101	0.107	0.146	0.218	0.264	0.241	0.033	0.192	0.497
Pt4_On_E9047643.7	0.119	0.173	0.392	0.569	0.468	0.357	0.308	0.144	0.179	0.109	0.422	0.144	0.043	0.185	0.326	0.119	0.048	0.115	0.075	0.328	0.096	0.263	0.226	0.274	0.571
Pt44_Pre_AD467790.6	0.079	0.261	0.377	0.502	0.375	0.286	0.227	0.153	0.181	0.18	0.372	0.085	0.084	0.038	0.309	0.127	0.064	0.083	0.11	0.267	0.095	0.25	0.14	0.177	0.475
Pt44_On_AD167376.6	0.077	0.156	0.416	0.464	0.346	0.222	0.223	0.099	0.208	0.217	0.335	0.077	0.09	0.027	0.309	0.134	0.091	0.144	0.096	0.316	0.084	0.24	0.249	0.247	0.607
Pt46_Pre_AD467096.6	0.103	0.129	0.431	0.338	0.37	0.213	0.213	0.124	0.182	0.263	0.313	0.08	0.04	0.068	0.144	0.252	0.049	0.192	0.277	0.315	0.118	0.195	0.288	0.17	0.741
Pt46_On_AD781834.6	0.058	0.144	0.428	0.36	0.307	0.215	0.173	0.14	0.162	0.261	0.257	0.063	0.057	0.045	0.204	0.202	0.043	0.201	0.327	0.327	0.12	0.229	0.24	0.182	0.732
Pt47_Pre_AD506073.6	0.059	0.18	0.168	0.375	0.367	0.329	0.207	0.185	0.175	0.3	0.25	0.062	0.118	0.125	0.188	0.135	0.108	0.122	0.194	0.315	0.15	0.081	0.157	0.093	0.568
Pt47_On_AD530367.6	0.039	0.214	0.252	0.406	0.381	0.323	0.219	0.166	0.297	0.229	0.257	0.056	0.081	0.053	0.122	0.15	0.102	0.16	0.177	0.255	0.133	0.102	0.163	0.084	0.546
Pt48_Pre_E9047561.7	0	0.282	0.46	0.359	0.329	0.113	0.162	0.154	0.197	0.343	0.214	0	0.061	0.054	0.226	0.247	0.055	0.342	0.131	0.341	0.153	0.174	0.163	0.127	0.696
Pt48_On_E9047631.6	0	0.206	0.42	0.201	0.228	0	0.085	0.01	0.189	0.431	0.07	0	0.096	0.044	0.175	0.221	0.109	0.353	0.178	0.289	0.208	0.124	0.096	0.096	0.691
Pt49_Pre_AD667851.6	0.125	0.11	0.401	0.514	0.423	0.352	0.307	0.149	0.265	0.193	0.482	0.114	0.071	0.046	0.253	0.174	0.118	0.121	0.107	0.317	0.076	0.205	0.262	0.248	0.634
Pt49_On_AD681976.5	0.104	0.124	0.449	0.587	0.455	0.362	0.272	0.146	0.248	0.14	0.508	0.122	0.03	0.085	0.203	0.202	0.049	0.07	0.124	0.307	0.124	0.283	0.185	0.247	0.583
Pt5_Pre_E9021022.6	0.103	0.165	0.511	0.46	0.377	0.362	0.237	0.118	0.233	0.031	0.319	0.106	0.125	0.034	0.024	0.15	0.13	0.16	0.13	0.316	0.263	0.259	0.182	0.238	0.7
Pt5_On_E9047635.6	0.029	0.183	0.438	0.464	0.247	0.249	0.134	0.193	0.193	0.068	0.246	0.045	0.112	0.006	0.005	0.164	0.047	0.127	0.204	0.257	0.32	0.199	0.064	0.139	0.59
Pt52_Pre_AD506075.6	0.064	0.182	0.309	0.36	0.306	0.22	0.15	0.116	0.149	0.344	0.321	0.04	0.089	0.032	0.181	0.162	0.112	0.302	0.123	0.259	0.105	0.103	0.179	0.099	0.598
Pt52_On_AD530365.6	0.065	0.158	0.347	0.386	0.265	0.216	0.129	0.122	0.171	0.265	0.308	0.05	0.087	0.078	0.205	0.176	0.113	0.296	0.126	0.23	0.085	0.138	0.183	0.099	0.584
Pt58_On_AE045812.10	0.106	0.166	0.375	0.533	0.437	0.37	0.292	0.243	0.235	0.108	0.356	0.091	0.082	0.088	0.22	0.11	0.009	0.067	0.136	0.25	0.122	0.246	0.2	0.225	0.499
Pt59_Pre_AD823915.5	0.067	0.224	0.407	0.459	0.296	0.329	0.176	0.181	0.168	0.122	0.428	0.061	0.074	0.231	0.291	0.198	0.088	0.108	0.184	0.282	0.167	0.257	0.16	0.194	0.616
Pt62_Pre_AD608303.5	0.019	0.115	0.154	0.283	0.091	0.149	0.07	0.192	0.17	0	0.249	0.089	0.175	0.095	0.14	0.073	0.14	0.099	0.137	0.055	0.166	0.146	0.061	0.188	0.409
Pt62_On_AD635728.5	0.001	0.152	0.286	0.206	0.095	0.094	0.065	0.151	0.149	0.192	0.169	0.071	0.11	0.041	0.056	0.124	0.082	0.25	0.17	0.117	0.135	0.123	0.103	0.125	0.493
Pt65_Pre_AD793919.6	0.108	0.16	0.282	0.419	0.41	0.3	0.244	0.173	0.165	0.164	0.429	0.122	0.079	0.143	0.366	0.172	0.061	0.104	0.155	0.241	0.052	0.182	0.266	0.166	0.543
Pt65_On_AD796996.5	0.09	0.171	0.363	0.443	0.414	0.305	0.249	0.188	0.156	0.179	0.427	0.098	0.053	0.226	0.32	0.179	0.042	0.141	0.132	0.265	0.065	0.222	0.25	0.159	0.55
Pt66_Pre_AD667850.6	0.024	0.234	0.177	0.317	0.064	0.128	0.084	0.078	0.067	0.152	0.162	0.032	0.158	0.117	0.192	0.128	0.087	0.012	0.146	0.09	0.085	0.147	0.028	0.156	0.326
Pt67_Pre_AD506074.6	0.059	0.207	0.333	0.331	0.188	0.176	0.122	0.071	0.235	0.313	0.42	0.096	0.134	0.076	0.262	0.111	0.128	0.158	0.062	0.166	0.079	0.153	0.135	0.175	0.452
Pt67_On_AD530366.6	0.067	0.203	0.346	0.337	0.219	0.131	0.123	0.103	0.243	0.334	0.426	0.089	0.115	0.043	0.21	0.119	0.139	0.163	0.021	0.202	0.083	0.169	0.104	0.202	0.46
Pt68_On_AD635729.6	0.058	0.1	0.091	0.242	0.128	0.225	0.102	0.184	0.216	0.217	0.112	0.133	0.144	0.036	0.148	0.094	0.116	0.087	0.097	0.102	0.099	0.055	0.08	0.122	0.356
Pt69_On_AD635730.6	0.109	0.137	0.414	0.545	0.395	0.311	0.24	0.114	0.127	0.152	0.412	0.072	0.037	0.049	0.292	0.211	0.04	0.087	0.247	0.325	0.057	0.261	0.257	0.266	0.664
Pt72_Pre_AD793922.5	0	0.165	0.062	0.138	0.028	0.098	0.043	0.102	0.123	0.084	0.095	0.044	0.137	0.165	0.013	0.076	0.139	0.08	0.22	0.067	0.234	0.004	0.02	0.038	0.39
Pt76_Pre_AD667852.6	0	0.063	0.19	0.214	0.067	0.002	0	0.194	0.107	0.163	0.055	0.048	0.088	0.087	0.105	0.106	0.135	0.017	0.085	0.132	0.42	0.163	0.152	0.066	0.497
Pt77_Pre_AD733591.7	0.157	0.133	0.368	0.48	0.451	0.4	0.297	0.108	0.178	0.25	0.465	0.134	0.075	0.137	0.292	0.116	0.163	0.114	0.052	0.34	0.093	0.186	0.315	0.26	0.649
Pt77_On_AD733629.8	0.167	0.187	0.369	0.518	0.514	0.34	0.341	0.077	0.178	0.158	0.508	0.161	0.045	0.088	0.325	0.138	0.178	0.077	0	0.319	0.028	0.194	0.384	0.259	0.617
Pt78_Pre_AD467018.5	0.006	0.11	0	0.162	0	0.065	0.06	0.133	0.051	0.137	0.097	0.084	0.137	0.094	0.073	0	0.195	0.021	0.066	0.026	0.141	0.05	0.02	0.038	0.226
Pt78_On_AE148748.6	0	0.225	0.375	0.316	0.116	0.13	0.055	0.091	0.24	0.27	0.2	0	0.088	0.024	0.144	0.119	0.308	0.251	0.149	0.266	0.339	0.144	0.023	0.143	0.713
Pt79_Pre_AD733587.5	0.02	0.152	0.22	0.355	0.194	0.241	0.117	0.159	0.283	0.19	0.167	0.08	0.173	0.124	0.17	0.083	0.186	0.01	0.143	0.102	0.086	0.148	0.041	0.223	0.39
Pt79_On_AD733628.6	0.033	0.271	0.216	0.377	0.305	0.278	0.188	0.174	0.329	0.208	0.294	0.09	0.138	0.121	0.239	0.089	0.139	0.055	0.139	0.166	0.065	0.109	0.093	0.209	0.426
Pt8_Pre_AD153354.6	0.062	0.232	0.322	0.412	0.261	0.26	0.123	0.165	0.269	0.157	0.346	0.078	0.128	0.144	0.252	0.133	0.131	0.143	0.14	0.279	0.109	0.168	0.165	0.149	0.558
Pt8_On_AD167380.7	0.046	0.135	0.313	0.443	0.179	0.245	0.077	0.183	0.206	0.059	0.374	0.058	0.123	0.057	0.251	0.17	0.083	0.113	0.188	0.24	0.141	0.212	0.081	0.136	0.515
Pt80_On_AD467874.5	0.082	0.201	0.347	0.468	0.346	0.275	0.276	0.154	0.179	0.063	0.394	0.08	0.102	0.159	0.237	0.132	0.144	0.172	0.126	0.276	0.059	0.257	0.145	0.274	0.592
Pt81_On_AD681973.5	0.064	0.13	0.392	0.575	0.333	0.373	0.197	0.158	0.249	0.141	0.459	0.065	0.042	0.246	0.235	0.191	0.082	0.125	0.102	0.3	0.172	0.281	0.096	0.304	0.612
Pt82_Pre_AD823914.8	0.004	0.175	0.366	0.41	0.363	0.26	0.212	0.125	0.24	0.186	0.26	0.081	0.093	0.093	0.218	0.165	0.058	0.291	0.154	0.274	0.103	0.149	0.173	0.195	0.63
Pt82_On_AD125218.6	0.031	0.216	0.431	0.46	0.453	0.289	0.291	0.152	0.271	0.259	0.269	0.059	0.062	0.118	0.248	0.181	0.036	0.281	0.102	0.343	0.109	0.221	0.227	0.212	0.665
Pt84_Pre_AD486532.5	0	0.051	0.019	0.238	0.034	0	0.046	0.108	0.11	0.113	0.123	0.046	0.153	0.072	0.014	0.166	0.172	0.049	0.14	0.053	0.195	0	0.028	0.051	0.381
Pt84_On_AD495199.6	0	0.034	0	0.228	0.061	0.07	0.035	0.09	0.104	0.119	0.192	0.069	0.152	0.067	0	0.172	0.145	0.064	0.154	0.062	0.192	0.003	0.031	0.061	0.392
Pt85_Pre_AD486329.5	0	0.055	0.006	0.16	0.057	0.072	0.043	0.167	0.001	0.075	0.108	0.093	0.145	0.027	0	0.085	0.118	0.035	0.15	0	0.22	0.066	0.083	0.066	0.338
Pt85_On_AE070989.10	0.008	0.166	0.12	0.202	0.159	0.142	0.107	0.121	0.131	0.068	0.216	0.132	0.149	0	0	0.091	0.113	0.048	0.131	0.125	0.107	0.076	0.129	0.098	0.376
Pt87_On_AD495198.6	0.11	0.101	0.502	0.557	0.46	0.391	0.29	0.125	0.18	0.151	0.423	0.1	0	0.098	0.294	0.224	0	0.212	0.119	0.394	0.128	0.242	0.297	0.199	0.701
Pt89_Pre_AE070951.5	0.017	0.243	0.25	0.301	0.231	0.179	0.124	0.065	0.411	0.34	0.191	0.049	0.098	0.099	0.133	0.182	0.122	0.123	0.102	0.204	0.126	0.086	0.148	0.058	0.475
Pt89_On_AE070987.5	0.022	0.228	0.401	0.43	0.351	0.289	0.203	0.162	0.335	0.258	0.264	0.027	0.064	0.06	0.206	0.194	0.065	0.095	0.135	0.26	0.115	0.18	0.143	0.164	0.522
Pt9_Pre_E9021024.6	0.045	0.298	0.256	0.367	0.126	0.198	0.088	0.149	0.117	0.212	0.084	0	0.098	0.093	0.144	0.15	0.108	0.136	0.148	0.193	0.105	0.067	0.03	0.092	0.429
Pt9_On_E9047644.7	0.025	0.273	0.229	0.307	0.102	0.165	0.09	0.091	0.106	0.173	0.085	0	0.103	0.13	0.175	0.188	0.11	0.128	0.119	0.169	0.117	0.068	0.068	0.068	0.432
Pt90_Pre_AD467873.6	0.024	0.169	0.522	0.398	0.329	0.302	0.125	0.266	0.202	0.082	0.219	0.037	0.095	0.077	0.309	0.107	0.173	0.155	0.142	0.221	0.373	0.234	0.148	0.186	0.672
Pt92_Pre_AE134060.5	0.09	0.161	0.416	0.507	0.384	0.327	0.235	0.139	0.186	0.081	0.382	0.116	0.089	0.216	0.189	0.154	0.061	0.128	0.105	0.281	0.117	0.283	0.202	0.233	0.571
Pt92_On_AE148750.5	0.077	0.128	0.432	0.565	0.45	0.396	0.277	0.145	0.246	0.071	0.486	0.125	0.037	0.13	0.175	0.164	0.023	0.075	0.065	0.346	0.136	0.308	0.2	0.287	0.578
Pt93_On_AE070988.5	0	0.102	0.093	0.286	0.192	0.25	0.146	0.246	0.11	0.207	0.13	0.054	0.095	0.07	0.102	0.135	0.066	0.035	0.187	0.074	0.096	0.105	0.13	0.102	0.368
Pt94_Pre_AD732850.6	0.12	0.153	0.338	0.362	0.38	0.258	0.193	0.113	0.194	0.185	0.423	0.143	0.107	0.085	0.266	0.105	0.092	0.185	0.182	0.253	0.124	0.127	0.229	0.185	0.604
Pt94_On_AE373242.6	0	0.257	0.479	0.404	0.334	0.236	0.153	0.141	0.104	0.301	0.311	0.006	0.05	0.091	0.204	0.241	0.053	0.28	0.192	0.305	0.099	0.238	0.128	0.143	0.642
Pt98_Pre_AD733586.8	0.029	0.125	0.062	0.293	0.135	0.142	0.088	0.146	0.243	0.083	0.132	0.1	0.176	0.081	0.083	0.105	0.095	0.167	0.195	0.125	0.104	0.114	0.031	0.147	0.432
Pt98_On_AE086717.6	0.064	0.136	0.345	0.516	0.338	0.278	0.204	0.204	0.232	0.064	0.277	0.115	0.108	0.105	0.195	0.129	0.05	0.17	0.18	0.223	0.087	0.234	0.109	0.262	0.54
